Withconfidence method: peakvalue
please pick target with your mouse
press key 'n' go to next frame to start tracking!
press key 'esc' to quit the tracking!
1
1	 1307.34	 65.6384	    -nan	0.953143	213	119	21	95	0	0	0	0
2
2	 1303.45	 46.2472	    -nan	0.880305	211	118	21	95	0	0	0	0
3
3	 1326.05	 37.1057	    -nan	0.857817	211	116	21	95	0	0	0	0
4
4	 1396.81	 38.9411	    -nan	0.815965	209	115	21	95	0	0	0	0
5
5	 1440.61	 42.4877	  6765.6	0.875785	209	114	21	95	0	0	0	0
6
6	 1458.16	 53.0533	 3913.81	0.945579	208	112	21	95	0	0	1	1
7
7	 1480.09	 59.2634	 3759.99	0.993421	209	112	21	95	0	1	1	2
8
8	 1492.78	 54.3847	    -nan	0.954144	209	111	21	95	0	1	1	2
9
9	 1506.26	 37.2033	    -nan	0.838251	210	110	21	95	0	0	1	1
10
10	 1515.16	 30.4146	    -nan	0.741727	212	109	21	95	0	0	1	1
11
11	 1465.34	 29.3424	    -nan	0.819822	214	108	21	95	0	0	0	0
12
12	 1466.64	 25.6506	    -nan	0.886744	217	109	21	95	0	0	1	1
13
13	 1468.97	 38.8664	    -nan	0.973279	219	108	21	95	0	0	1	1
14
14	 1483.03	 43.6274	    -nan	0.980677	219	110	21	95	0	1	1	2
15
15	 1471.15	 43.2512	    -nan	0.967059	219	109	21	95	0	1	1	2
16
16	 1479.17	 43.9505	    -nan	0.943594	217	110	21	95	0	1	1	2
17
17	 1484.89	 54.9851	    -nan	0.969587	217	108	21	95	0	1	1	2
18
18	 1491.55	 49.4126	    -nan	0.945331	216	108	21	95	0	1	1	2
19
19	 1497.71	 46.7632	    -nan	0.922442	214	106	21	95	0	1	1	2
20
20	 1487.53	 39.6121	    -nan	0.927735	215	106	21	95	0	1	1	2
21
21	  1478.8	 32.7766	    -nan	0.847585	216	104	21	95	0	0	1	1
22
22	 1473.42	 35.9747	    -nan	 0.86234	217	104	21	95	0	1	0	1
23
23	 1469.28	 41.7563	    -nan	0.904546	217	103	21	95	0	1	1	2
24
24	 1477.06	 52.2004	    -nan	0.965178	218	103	21	95	0	0	1	1
25
25	 1485.23	 52.7541	    -nan	0.974168	219	103	21	95	0	1	1	2
26
26	  1493.2	 54.6454	    -nan	0.973068	220	102	21	95	0	1	1	2
27
27	 1489.15	 53.3565	    -nan	0.968584	219	102	21	95	0	1	1	2
28
28	 1485.42	 57.9395	    -nan	0.963752	220	101	21	95	0	1	1	2
29
29	 1480.55	 59.5062	    -nan	0.962578	220	100	21	95	0	1	1	2
30
30	 1476.26	 54.2261	    -nan	 0.94564	219	99	21	95	0	1	1	2
31
31	 1483.04	 48.3492	    -nan	0.869588	221	98	21	95	0	0	1	1
32
32	 1490.62	 39.8176	    -nan	0.817751	222	99	21	95	0	0	1	1
33
33	 1496.08	 39.2327	    -nan	0.838556	224	99	21	95	0	1	0	1
34
34	 1500.31	  41.275	    -nan	0.899712	224	99	21	95	0	0	1	1
35
35	 1502.47	 32.5235	    -nan	0.857536	224	98	21	95	0	1	1	2
36
36	 1506.11	 27.6003	    -nan	 0.82254	224	99	21	95	0	1	1	2
37
37	 1501.97	 27.5536	    -nan	0.792027	224	99	21	95	0	1	1	2
38
38	 1496.08	 22.5851	    -nan	 0.76046	225	98	21	95	0	1	1	2
39
39	 1488.33	 22.2402	    -nan	 0.76703	225	97	21	95	0	1	1	2
40
40	 1483.59	 22.7789	    -nan	0.768469	225	99	21	95	0	1	1	2
41
41	 1484.85	 34.4479	    -nan	0.797277	224	102	21	95	0	1	1	2
42
42	 1488.47	 23.4919	    -nan	0.824414	224	104	21	95	0	1	1	2
43
43	 1487.71	 16.9688	    -nan	0.746279	224	108	21	95	0	0	1	1
44
44	  1486.7	 25.0809	    -nan	0.694651	225	110	21	95	0	0	1	1
0           0
0
0           0
0
0           0
0
0           0
0
0           0
0
0           0
0
0           0
0
6.95282e-310           6.95282e-310
6.95282e-310
6.95282e-310           1.39056e-309
1.39056e-309
3.95253e-322           1.39056e-309
1.39056e-309
1.97626e-323           1.39056e-309
1.39056e-309
5.41637e-317           1.39056e-309
1.39056e-309
6.91903e-310           2.08247e-309
2.08247e-309
5.41637e-317           2.08247e-309
2.08247e-309
5.44093e-317           2.08247e-309
2.08247e-309
5.55334e-315           2.08247e-309
2.08247e-309
0           2.08247e-309
2.08247e-309
0           2.08247e-309
2.08247e-309
0           2.08247e-309
2.08247e-309
0           2.08247e-309
2.08247e-309
0           2.08247e-309
2.08247e-309
0           2.08247e-309
2.08247e-309
0           2.08247e-309
2.08247e-309
6.95282e-310           2.77776e-309
2.77776e-309
6.95282e-310           3.47304e-309
3.47304e-309
3.95253e-322           3.47304e-309
3.47304e-309
1.97626e-323           3.47304e-309
3.47304e-309
5.55334e-315           3.47304e-309
3.47304e-309
0           3.47304e-309
3.47304e-309
0           3.47304e-309
3.47304e-309
0           3.47304e-309
3.47304e-309
0           3.47304e-309
3.47304e-309
0           3.47304e-309
3.47304e-309
0           3.47304e-309
3.47304e-309
0           3.47304e-309
3.47304e-309
6.95282e-310           4.16833e-309
4.16833e-309
6.95282e-310           4.86361e-309
4.86361e-309
3.95253e-322           4.86361e-309
4.86361e-309
1.97626e-323           4.86361e-309
4.86361e-309
-nan           -nan
-nan
5.44609e-317           -nan
-nan
5.44479e-317           -nan
-nan
1.73911e-321           -nan
-nan
5.44589e-317           -nan
-nan
5.44479e-317           -nan
-nan
5.4448e-317           -nan
-nan
5.4491e-317           -nan
-nan
4.94066e-324           -nan
-nan
4.94066e-324           -nan
-nan
5.41637e-317           -nan
-nan
5.44466e-317           -nan
-nan
4.94066e-324           -nan
-nan
5.44571e-317           -nan
-nan
5.21733e-321           -nan
-nan
5.44463e-317           -nan
-nan
2.78138e-309           -nan
-nan
2.78138e-309           -nan
-nan
2.78138e-309           -nan
-nan
2.78138e-309           -nan
-nan
6.95282e-310           -nan
-nan
3.60739e-313           -nan
-nan
6.95282e-310           -nan
-nan
6.91903e-310           -nan
-nan
5.44568e-317           -nan
-nan
5.4491e-317           -nan
-nan
6.95282e-310           -nan
-nan
5.44467e-317           -nan
-nan
2.122e-314           -nan
-nan
5.44563e-317           -nan
-nan
5.41637e-317           -nan
-nan
5.41628e-317           -nan
-nan
2.02369e-320           -nan
-nan
6.91903e-310           -nan
-nan
1.01432e-320           -nan
-nan
5.3841e-317           -nan
-nan
4.94066e-324           -nan
-nan
2.122e-311           -nan
-nan
4.94066e-321           -nan
-nan
6.91903e-310           -nan
-nan
0           -nan
-nan
6.91903e-310           -nan
-nan
1.58101e-322           -nan
-nan
7.56005e-315           -nan
-nan
6.91903e-310           -nan
-nan
2.07508e-322           -nan
-nan
4.79933e-314           -nan
-nan
0           -nan
-nan
0           -nan
-nan
0           -nan
-nan
0           -nan
-nan
0           -nan
-nan
0           -nan
-nan
0           -nan
-nan
6.95282e-310           -nan
-nan
6.95282e-310           -nan
-nan
3.95253e-322           -nan
-nan
1.97626e-323           -nan
-nan
4.79933e-314           -nan
-nan
0           -nan
-nan
0           -nan
-nan
0           -nan
-nan
0           -nan
-nan
0           -nan
-nan
0           -nan
-nan
0           -nan
-nan
6.95282e-310           -nan
-nan
6.95282e-310           -nan
-nan
3.95253e-322           -nan
-nan
1.97626e-323           -nan
-nan
5.55334e-315           -nan
-nan
0           -nan
-nan
0           -nan
-nan
0           -nan
-nan
0           -nan
-nan
0           -nan
-nan
0           -nan
-nan
0           -nan
-nan
6.95282e-310           -nan
-nan
6.95282e-310           -nan
-nan
0           -nan
-nan
0           -nan
-nan
45
45	 1444.34	 27.5659	    -nan	0.723317	224	110	21	95	0	1	0	1
46
46	 1445.88	 25.8202	    -nan	0.749335	224	111	21	95	0	1	1	2
47
47	 1447.11	 21.5945	    -nan	0.777831	224	112	21	95	0	1	1	2
48
48	 1449.16	 17.3877	    -nan	 0.78114	223	113	21	95	0	1	1	2
49
49	 1453.43	 15.5033	    -nan	0.759832	222	113	21	95	0	1	1	2
50
50	 1458.23	 16.5563	    -nan	0.736589	219	112	21	95	0	1	1	2
51
51	 1459.72	 22.9566	    -nan	0.753855	215	111	21	95	0	1	1	2
52
52	  1442.9	 24.5488	    -nan	0.776591	211	110	21	95	0	1	1	2
53
53	 1441.78	 20.6517	    -nan	0.708559	205	108	21	95	0	0	1	1
54
54	 1437.21	  22.359	    -nan	0.697663	202	107	21	95	0	1	0	1
55
55	 1440.23	 22.0432	    -nan	0.709026	200	106	21	95	0	1	1	2
56
56	 1435.59	 21.6551	    -nan	0.798399	199	104	21	95	0	0	0	0
57
57	 1426.74	 25.1999	    -nan	0.907975	199	103	21	95	0	0	1	1
58
58	 1426.21	 32.2345	    -nan	0.943135	199	106	21	95	0	1	1	2
59
59	    1427	 39.5084	    -nan	0.925533	199	108	21	95	0	1	1	2
60
60	 1430.92	 37.1817	    -nan	0.926962	201	108	21	95	0	1	1	2
61
61	 1433.82	  31.973	    -nan	 0.91387	203	110	21	95	0	1	1	2
62
62	 1436.87	 31.8251	    -nan	0.924443	204	112	21	95	0	1	1	2
63
63	 1440.05	 37.7777	    -nan	0.920977	205	112	21	95	0	1	1	2
64
64	 1442.77	  53.497	    -nan	0.940747	206	113	21	95	0	1	1	2
65
65	 1438.57	  39.003	       0	0.869239	204	111	21	95	0	0	1	1
66
66	  1439.5	 31.3099	       0	0.863829	202	111	21	95	0	1	0	1
67
67	 1441.49	 39.2983	    -nan	0.916197	203	111	21	95	0	0	0	0
68
68	 1444.51	 36.6996	    -nan	0.930271	205	110	21	95	0	1	1	2
69
69	  1440.6	 22.9446	    -nan	 0.78903	208	111	21	95	0	0	1	1
70	 1444.43	 14.2482	       0	0.609351	213	109	21	95	1	0	1	2
71	 1449.04	 11.2133	       0	0.581507	218	109	21	95	1	1	0	2
72
72	 1452.15	   12.82	       0	0.658925	223	104	21	95	0	0	0	0
73
73	 1454.84	 17.0269	       0	0.770684	224	101	21	95	0	0	1	1
74
74	 1456.06	 15.9883	       0	0.785341	222	102	21	95	0	1	1	2
75
75	 1455.38	 13.1128	       0	0.675507	217	101	21	95	0	0	1	1
76
76	 1454.01	 11.3397	       0	0.598946	212	100	21	95	0	0	1	1
77
77	 1453.33	 14.0602	       0	0.611646	207	100	21	95	0	1	0	1
78
78	 1452.06	 17.9307	       0	0.687459	203	98	21	95	0	0	0	0
79
79	 1453.54	 29.0128	       0	0.832188	200	96	21	95	0	0	0	0
80
80	 1455.18	 41.2915	       0	0.949548	197	91	21	95	0	0	1	1
81
81	 1454.58	 51.1603	       0	0.989039	197	85	21	95	0	1	1	2
82
82	 1455.33	 51.3224	       0	0.879559	199	78	21	95	0	0	1	1
83
83	 1455.22	 40.2151	       0	0.836454	202	75	21	95	0	1	0	1
84
84	 1454.02	 43.8907	       0	0.880272	203	72	21	95	0	1	0	1
85
85	 1455.05	  45.314	       0	0.910463	204	72	21	95	0	1	1	2
86
86	 1455.73	 48.0988	       0	0.914696	205	70	21	95	0	1	1	2
87
87	 1456.58	 62.4142	       0	0.959598	206	70	21	95	0	1	1	2
88
88	  1457.2	 53.3742	       0	0.955705	206	71	21	95	0	1	1	2
89
89	 1458.57	 47.3617	       0	0.931035	206	78	21	95	0	1	1	2
90
90	 1461.22	 41.7331	       0	0.883705	205	84	21	95	0	1	1	2
91
91	 1463.36	 46.8643	       0	0.902006	205	91	21	95	0	1	0	1
92
92	 1452.71	 32.4985	       0	0.779475	206	95	21	95	0	0	1	1
93
93	  1449.1	 24.7483	       0	0.735859	206	98	21	95	0	1	0	1
94
94	 1448.79	 23.0512	    -nan	0.703749	206	101	21	95	0	1	1	2
95
95	 1448.77	 29.6849	    -nan	0.713966	208	105	21	95	0	1	1	2
96
96	 1449.86	 28.6589	    -nan	0.750307	209	108	21	95	0	1	1	2
97
97	 1450.68	 31.4852	    -nan	0.815234	210	113	21	95	0	0	1	1
98
98	 1452.55	 29.6538	    -nan	0.857824	210	119	21	95	0	1	1	2
99
99	  1454.4	 32.0654	    -nan	0.844933	208	123	21	95	0	1	1	2
100
100	  1455.3	 40.4166	    -nan	0.896315	207	125	21	95	0	0	0	0
101
101	 1455.12	 42.0933	    -nan	0.867156	206	128	21	95	0	1	1	2
102
102	 1454.76	 24.7538	    -nan	0.819519	206	130	21	95	0	1	1	2
103
103	 1455.42	 29.0086	    -nan	0.786339	207	131	21	95	0	1	1	2
104
104	 1455.99	 32.0983	    -nan	0.882726	207	131	21	95	0	0	0	0
105
105	 1457.69	 32.3582	    -nan	0.940886	207	129	21	95	0	0	1	1
106
106	  1453.4	 16.6175	    -nan	0.910586	207	130	21	95	0	1	1	2
107
107	 1454.12	 12.9037	    -nan	0.840226	207	128	21	95	0	0	1	1
108
108	 1455.33	 10.5304	    -nan	0.782961	208	126	21	95	0	0	1	1
109
109	 1456.19	 11.7632	    -nan	0.802309	209	124	21	95	0	1	0	1
110
110	 1457.69	 12.4704	    -nan	0.796402	209	122	21	95	0	1	1	2
111
111	 1457.86	 15.9587	    -nan	0.838442	209	120	21	95	0	1	1	2
112
112	    1459	 23.2854	    -nan	0.882125	208	118	21	95	0	1	1	2
113
113	  1458.4	 26.3267	    -nan	0.886918	208	116	21	95	0	1	1	2
114
114	 1458.18	 21.5139	    -nan	0.828303	209	114	21	95	0	0	1	1
115
115	 1457.71	 17.7503	    -nan	0.791581	209	113	21	95	0	1	1	2
116
116	 1458.25	  13.258	    -nan	0.713243	212	111	21	95	0	0	1	1
117
117	 1459.32	 12.3206	    -nan	0.669302	214	112	21	95	0	1	1	2
118	 1463.96	 10.2821	    -nan	0.583839	216	112	21	95	0	0	1	1
119	 1467.06	 5.89789	    -nan	0.402397	218	113	21	95	1	0	1	2
120	 1469.66	 4.07845	    -nan	 0.28699	222	113	21	95	1	0	0	1
121	  1473.1	 3.73684	    -nan	0.251778	225	75	21	95	1	1	0	2
122	 1477.72	  8.2868	    -nan	 0.34269	227	77	21	95	0	0	0	0
123
123	 1479.32	 9.52605	    -nan	0.377169	228	77	21	95	0	1	1	2
124
124	 1480.77	 11.2502	    -nan	0.470095	230	79	21	95	0	0	0	0
125
125	 1481.19	 11.1587	    -nan	 0.55759	232	79	21	95	0	0	1	1
126
126	 1481.98	 12.0587	    -nan	0.613777	234	81	21	95	0	0	1	1
127
127	  1482.8	 14.4232	    -nan	0.674013	235	81	21	95	0	0	1	1
128
128	 1484.12	 15.2215	    -nan	0.716588	237	82	21	95	0	1	1	2
129
129	 1478.39	   17.54	    -nan	0.754593	238	83	21	95	0	1	1	2
130
130	 1470.33	 17.1531	    -nan	0.784616	240	84	21	95	0	1	1	2
131
131	 1464.94	 21.0844	    -nan	0.839194	241	85	21	95	0	0	1	1
132
132	 1461.87	 23.1499	 120.127	0.865239	243	86	21	95	0	1	1	2
133
133	 1458.55	 26.5099	 128.581	0.871081	245	87	21	95	0	1	1	2
134
134	 1454.28	 30.8487	 145.554	0.906156	246	87	21	95	0	1	1	2
135
135	 1451.51	 32.0066	 161.816	0.894693	247	88	21	95	0	1	1	2
136
136	 1447.21	 34.9979	 182.326	0.917225	247	88	21	95	0	1	1	2
137
137	 1444.47	 39.1019	    -nan	0.932878	248	88	21	95	0	1	1	2
138
138	 1439.97	 37.2112	    -nan	0.928567	249	88	21	95	0	1	1	2
139
139	 1437.66	 33.6805	    -nan	0.888945	250	86	21	95	0	1	1	2
140
140	 1433.51	  31.738	    -nan	0.828346	251	87	21	95	0	0	1	1
141
141	 1430.89	 32.4558	    -nan	0.837621	251	86	21	95	0	1	0	1
142
142	 1427.69	 31.5309	    -nan	0.827077	252	85	21	95	0	1	1	2
143
143	 1428.88	 32.7892	    -nan	0.824204	252	83	21	95	0	1	1	2
144
144	 1429.94	 32.4492	    -nan	0.808605	253	83	21	95	0	1	1	2
145
145	 1428.81	 31.4589	       0	0.769003	253	83	21	95	0	1	1	2
146
146	 1424.92	 23.7367	    -nan	0.706396	254	82	21	95	0	0	1	1
147
147	 1418.01	 24.6054	    -nan	0.653603	254	82	21	95	0	0	1	1
148	 1419.61	 26.2613	       0	0.592025	255	82	21	95	0	0	1	1
149	 1421.42	 18.5478	       0	 0.47539	257	83	21	95	1	0	1	2
150	 1421.86	 14.3628	       0	0.438212	260	83	21	95	1	1	0	2
151	 1423.11	 13.1068	       0	0.423243	263	82	21	95	0	1	1	2
152	 1425.65	 12.4035	    -nan	0.405511	267	82	21	95	0	1	1	2
153
153	 1425.86	 11.2578	    -nan	0.400524	270	82	21	95	0	1	1	2
154
154	 1423.93	  12.829	    -nan	0.420337	274	80	21	95	0	1	1	2
155
155	 1421.36	 14.4527	    -nan	0.458657	277	80	21	95	0	1	1	2
156
156	 1420.04	 15.8625	    -nan	0.464008	281	80	21	95	0	1	1	2
157
157	 1416.97	 18.0476	    -nan	0.501115	284	80	21	95	0	1	1	2
158
158	 1415.03	 19.9039	    -nan	0.498559	287	80	21	95	0	1	1	2
159
159	 1413.17	  19.689	    -nan	0.474323	291	80	21	95	0	1	1	2
160
160	 1410.84	 21.1845	    -nan	0.463355	295	80	21	95	0	1	1	2
161
161	 1409.34	 22.6026	    -nan	0.458997	299	80	21	95	0	1	1	2
162
162	 1407.71	 24.0169	    -nan	0.468127	303	80	21	95	0	1	1	2
163
163	 1405.31	 27.5969	    -nan	0.487065	307	80	21	95	0	1	1	2
164
164	 1404.12	 28.4384	    -nan	0.493001	311	81	21	95	0	1	1	2
165
165	 1401.89	 29.6752	    -nan	0.513396	315	80	21	95	0	1	1	2
166
166	 1399.03	 36.5449	    -nan	0.554012	318	81	21	95	0	1	1	2
167
167	  1397.1	  34.954	    -nan	0.544587	321	81	21	95	0	1	1	2
168
168	 1393.67	 36.9164	  8722.6	0.555665	325	81	21	95	0	1	1	2
169
169	 1392.28	 45.9113	 4238.17	 0.63357	327	82	21	95	0	0	0	0
170
170	 1388.85	 45.0748	 1183.04	0.625348	330	82	21	95	0	1	1	2
171
171	 1386.97	 48.8826	 701.801	0.667161	333	82	21	95	0	1	0	1
172
172	 1384.19	 60.1578	    -nan	 0.72761	334	83	21	95	0	0	1	1
173
173	 1382.74	 64.2733	    -nan	0.748692	336	83	21	95	0	1	1	2
174
174	 1379.41	 65.1752	  449.22	0.737491	337	85	21	95	0	1	1	2
175
175	 1377.85	 38.5988	 325.386	 0.69102	338	86	21	95	0	1	1	2
176	 1378.51	 22.7998	 162.579	0.560315	339	88	21	95	0	0	1	1
177	 1380.29	 12.5668	 214.433	0.419817	337	98	21	95	1	0	1	2
178	 1380.68	 6.46995	 150.108	0.293051	337	111	21	95	1	0	1	2
179	 1380.83	 6.22263	    -nan	 0.35568	337	94	21	95	1	0	0	1
180	 1381.54	 4.95068	    -nan	0.245587	337	110	21	95	1	0	1	2
181	 1383.02	 3.56007	    -nan	0.262786	338	142	21	95	1	1	0	2
182
182	 1379.99	 4.36247	    -nan	0.514861	334	142	21	95	0	0	0	0
183
183	  1377.1	 8.05884	    -nan	0.595235	335	143	21	95	0	0	1	1
184
184	 1375.66	  8.4802	    -nan	0.706276	336	145	21	95	0	0	1	1
185
185	 1373.25	 8.89633	 133.324	 0.72348	337	147	21	95	0	1	1	2
186
186	 1371.75	 8.14935	    -nan	0.716956	340	148	21	95	0	1	1	2
187
187	 1368.95	 5.96209	    -nan	0.681996	342	150	21	95	0	1	1	2
188
188	 1366.67	 3.88938	 52.1504	0.605224	345	152	21	95	0	0	1	1
189
189	 1365.44	 4.65995	 44.8308	0.641385	348	155	21	95	0	1	0	1
190
190	 1362.65	  3.2832	    -nan	0.554347	351	158	21	95	0	0	1	1
191	 1362.82	 4.01145	    -nan	0.481925	349	125	21	95	0	0	1	1
192
192	 1361.36	 8.24113	    -nan	 0.53765	348	126	21	95	0	0	0	0
193
193	 1359.38	 11.0533	    -nan	0.567214	347	126	21	95	0	1	1	2
194
194	 1357.75	 11.7584	    -nan	0.602654	346	127	21	95	0	1	1	2
195
195	 1358.28	 12.0108	    -nan	0.643767	346	127	21	95	0	1	1	2
196
196	    1359	 12.2918	       0	0.646203	346	128	21	95	0	1	1	2
197
197	 1360.04	 13.5011	    -nan	  0.6777	346	129	21	95	0	1	1	2
198
198	 1360.51	 13.6349	       0	0.635805	345	130	21	95	0	1	1	2
199
199	 1360.62	 14.6341	    -nan	0.705834	346	130	21	95	0	0	0	0
200
200	 1361.44	 13.8709	       0	0.670072	345	132	21	95	0	1	1	2
201
201	 1362.45	 16.0257	       0	0.716269	345	133	21	95	0	1	0	1
202
202	 1363.39	 18.2287	       0	0.757263	345	133	21	95	0	1	1	2
203
203	 1364.62	 20.0604	       0	0.729361	346	136	21	95	0	1	1	2
204
204	 1365.23	  23.376	       0	0.750857	346	138	21	95	0	1	1	2
205
205	 1365.77	 24.3517	       0	  0.7491	346	140	21	95	0	1	1	2
206
206	 1366.51	 27.9943	       0	 0.69486	347	143	21	95	0	0	1	1
207
207	 1367.19	 24.0342	    -nan	0.619004	348	147	21	95	0	0	1	1
208
208	 1368.12	 25.4551	    -nan	0.631226	348	152	21	95	0	1	0	1
209
209	 1368.69	 18.2882	    -nan	0.654446	349	156	21	95	0	1	1	2
210	 1370.74	 6.47295	    -nan	0.492298	351	164	21	95	0	0	1	1
211	 1372.51	 3.27037	       0	 0.16329	349	156	21	95	1	0	1	2
212	 1374.45	 3.52456	    -nan	0.151207	348	139	21	95	1	1	0	2
213	 1376.41	 4.01739	    -nan	0.168155	347	146	21	95	1	1	1	3
please pick target with your mouse
press key 'n' go to next frame to start tracking!
press key 'esc' to quit the tracking!
214	 1376.15	 73.8949	    -nan	0.918169	204	123	27	59	0	0	0	0
215
215	 1371.79	 49.9274	    -nan	0.828882	204	127	27	59	0	0	0	0
216
216	 1367.54	 36.2628	    -nan	0.761111	204	130	27	59	0	0	0	0
217
217	 1363.61	 34.0893	    -nan	0.739426	204	132	27	59	0	0	0	0
218
218	 1359.92	 27.1756	    -nan	0.716077	203	133	27	59	0	0	0	0
219
219	 1357.88	 22.4639	    -nan	0.674884	203	134	27	59	0	1	1	2
220
220	 1356.36	 18.4882	    -nan	0.643925	202	135	27	59	0	1	1	2
221
221	 1353.53	 16.8859	    -nan	0.634935	202	135	27	59	0	1	1	2
222
222	 1349.67	  14.693	    -nan	0.636484	202	135	27	59	0	1	1	2
223
223	  1345.3	 13.8426	    -nan	0.645916	202	135	27	59	0	1	1	2
224
224	  1343.6	 13.9817	 477.235	0.682923	202	135	27	59	0	1	1	2
225
225	 1342.04	  12.548	 782.153	0.700898	203	136	27	59	0	1	1	2
226
226	 1340.57	 11.5879	    -nan	0.717654	202	135	27	59	0	1	1	2
227
227	 1338.18	 11.5557	  137.74	0.704405	203	135	27	59	0	1	1	2
228
228	 1334.84	  10.913	    -nan	0.722165	203	136	27	59	0	1	1	2
229
229	 1331.22	 10.2052	    -nan	 0.73735	201	135	27	59	0	1	1	2
230
230	 1328.97	 10.7732	    -nan	0.783843	200	136	27	59	0	1	1	2
231
231	    1327	 13.8094	    -nan	0.869264	199	135	27	59	0	0	1	1
232
232	 1325.01	 15.2095	    -nan	0.940273	198	134	27	59	0	0	1	1
233
233	  1322.3	 12.3517	    -nan	0.947491	196	134	27	59	0	1	1	2
234
234	 1319.44	 9.69424	    -nan	0.942295	194	133	27	59	0	1	1	2
235
235	  1317.3	 13.1203	       0	0.949812	192	133	27	59	0	1	1	2
236
236	 1315.36	 15.9627	       0	0.930995	191	134	27	59	0	1	1	2
237
237	 1313.26	 16.4665	    -nan	 0.94977	189	134	27	59	0	1	1	2
238
238	 1311.07	 17.2438	 122.304	0.932967	188	135	27	59	0	1	1	2
239
239	 1308.52	 17.4583	 101.394	0.944975	189	134	27	59	0	1	1	2
240
240	  1307.4	 17.0015	    -nan	0.943379	188	135	27	59	0	1	1	2
241
241	 1306.33	  18.324	    -nan	0.948533	190	134	27	59	0	1	1	2
242
242	 1305.45	 19.6258	    -nan	0.969558	189	135	27	59	0	1	1	2
243
243	 1303.06	 15.0431	    -nan	 0.91924	190	134	27	59	0	0	1	1
244
244	 1300.56	 12.0932	    -nan	0.868752	192	134	27	59	0	0	1	1
245
245	 1296.42	 14.1673	    -nan	0.859517	196	134	27	59	0	1	1	2
246
246	 1294.75	 18.7229	       0	  0.9134	198	134	27	59	0	0	0	0
247
247	 1293.15	 19.3202	       0	    0.93	202	134	27	59	0	1	1	2
248
248	 1291.81	 21.0006	       0	0.974169	203	134	27	59	0	1	1	2
249
249	 1290.86	 21.2559	       0	0.969878	206	134	27	59	0	1	1	2
250
250	 1289.73	 22.2388	       0	 1.00287	207	133	27	59	0	1	1	2
251
251	 1288.43	 24.7263	       0	 1.03929	207	132	27	59	0	1	1	2
252
252	 1286.17	 23.5542	       0	 1.07532	207	131	27	59	0	1	1	2
253
253	 1283.97	 24.1102	       0	 1.10086	208	129	27	59	0	1	1	2
254
254	 1283.06	  27.164	       0	  1.1048	208	127	27	59	0	1	1	2
255
255	 1282.07	 27.7796	       0	 1.09739	209	125	27	59	0	1	1	2
256
256	 1281.22	 33.3443	       0	 1.09679	209	122	27	59	0	1	1	2
257
257	 1279.42	 33.9338	       0	 1.11825	209	121	27	59	0	1	1	2
258
258	 1276.73	 28.4111	       0	 1.10603	209	119	27	59	0	1	1	2
259
259	 1273.95	 30.9838	       0	 1.01674	209	119	27	59	0	0	1	1
260
260	  1272.8	 33.6943	       0	0.959453	208	118	27	59	0	0	1	1
261
261	 1271.88	 34.1438	       0	0.963611	207	119	27	59	0	1	0	1
262
262	  1269.1	 35.5951	       0	0.985421	206	118	27	59	0	1	1	2
263
263	 1266.83	 32.3298	       0	 1.02963	206	119	27	59	0	1	1	2
264
264	 1264.78	 38.5346	       0	  1.1228	204	118	27	59	0	0	1	1
265
265	  1263.3	 42.8078	       0	 1.14031	203	119	27	59	0	1	1	2
266
266	  1262.6	 44.3766	       0	 1.14568	202	120	27	59	0	1	1	2
267
267	 1261.81	 39.1598	    -nan	 1.09927	201	120	27	59	0	1	1	2
268
268	 1259.66	 41.1576	       0	 1.06865	201	121	27	59	0	1	1	2
269
269	 1257.12	 42.6194	       0	 1.06664	200	121	27	59	0	1	1	2
270
270	 1254.79	 43.6855	       0	 1.04692	201	121	27	59	0	1	1	2
271
271	 1253.91	 34.9753	       0	0.995171	200	120	27	59	0	0	1	1
272
272	 1253.15	 24.5919	       0	0.908556	199	121	27	59	0	0	1	1
273	 1254.11	 19.3609	       0	0.803453	199	121	27	59	0	0	1	1
274	 1254.68	 15.8889	       0	0.686638	196	121	27	59	1	0	1	2
275	 1254.52	 12.4849	       0	0.620066	193	121	27	59	1	0	0	1
276	 1255.07	 11.5664	       0	0.590249	190	121	27	59	0	1	1	2
277	 1255.57	  9.8522	       0	 0.56322	189	120	27	59	0	1	1	2
278
278	 1254.32	 8.54925	       0	0.531774	187	119	27	59	0	1	1	2
279
279	 1253.05	 8.37102	       0	0.531764	186	118	27	59	0	1	1	2
280
280	 1251.64	  10.248	       0	0.595145	184	117	27	59	0	0	0	0
281
281	 1250.25	 10.3008	       0	0.614583	183	115	27	59	0	1	1	2
282
282	 1248.96	 8.16414	       0	0.571871	181	115	27	59	0	1	1	2
283
283	 1247.49	 7.16323	       0	0.534838	180	114	27	59	0	1	1	2
284
284	  1246.2	 7.01846	       0	 0.53715	177	112	27	59	0	1	1	2
285
285	 1245.52	 8.13894	       0	0.562703	176	110	27	59	0	1	1	2
286
286	 1244.74	 9.38694	       0	 0.59035	176	107	27	59	0	1	1	2
287
287	 1243.34	 10.4681	       0	0.628657	175	106	27	59	0	1	1	2
288
288	 1241.52	 10.7735	       0	0.671278	173	105	27	59	0	1	1	2
289
289	 1240.72	 11.5641	       0	0.687191	171	105	27	59	0	1	1	2
290
290	  1240.1	 13.4248	       0	0.708677	167	103	27	59	0	1	1	2
291
291	 1239.44	 14.9114	       0	0.708322	167	102	27	59	0	1	1	2
292
292	 1238.59	 17.2901	       0	0.689544	167	98	27	59	0	1	1	2
293
293	 1236.69	 17.1365	       0	0.714993	168	95	27	59	0	1	1	2
294
294	 1235.21	 20.0742	       0	0.770139	167	93	27	59	0	0	1	1
295
295	 1233.95	 21.7838	       0	 0.82473	168	91	27	59	0	0	1	1
296
296	 1232.79	 24.4479	       0	0.825966	167	91	27	59	0	1	1	2
297
297	 1232.12	 25.8236	       0	0.819431	165	91	27	59	0	1	1	2
298
298	 1231.46	 27.5673	       0	0.833486	164	89	27	59	0	1	1	2
299
299	 1230.64	 31.9454	       0	0.836298	161	90	27	59	0	1	1	2
300
300	 1229.62	 36.1398	       0	0.866917	160	88	27	59	0	1	1	2
301
301	 1228.62	 42.7873	       0	0.853144	158	88	27	59	0	1	1	2
302
302	 1227.59	 42.7865	       0	 0.85147	155	88	27	59	0	1	1	2
303
303	 1226.56	 42.1539	       0	0.856541	155	86	27	59	0	1	1	2
304
304	 1225.51	 48.3306	       0	0.875102	154	86	27	59	0	1	1	2
305
305	 1224.37	 39.2508	       0	0.855512	153	85	27	59	0	1	1	2
306
306	 1223.36	   34.38	       0	0.811804	151	85	27	59	0	1	1	2
307
307	 1222.51	 32.8147	       0	0.767162	150	86	27	59	0	1	1	2
308
308	 1221.66	 34.4234	       0	0.806745	149	87	27	59	0	1	0	1
309
309	 1220.62	  35.052	       0	0.841691	147	88	27	59	0	1	1	2
310
310	 1219.48	 31.2671	       0	0.860867	146	90	27	59	0	1	1	2
311
311	 1217.94	 31.6577	       0	0.890643	144	92	27	59	0	1	1	2
312
312	 1216.85	 33.4752	    -nan	0.928717	142	92	27	59	0	1	1	2
313
313	 1215.64	 39.3069	    -nan	0.972699	141	92	27	59	0	1	1	2
314
314	 1214.63	 43.5019	    -nan	0.964748	140	92	27	59	0	1	1	2
315
315	  1213.7	 28.2236	    -nan	0.906988	140	91	27	59	0	0	1	1
316
316	 1212.77	 20.9397	    -nan	0.846647	139	91	27	59	0	0	1	1
317
317	 1211.99	 26.1333	 1111.61	0.868412	138	89	27	59	0	1	0	1
318
318	 1211.48	 30.1816	    -nan	 0.92356	139	89	27	59	0	0	1	1
319
319	 1210.94	 25.2214	    -nan	0.940401	138	88	27	59	0	1	1	2
320
320	 1209.95	 25.9618	    -nan	 0.96464	137	89	27	59	0	1	1	2
321
321	 1208.98	 28.1727	    -nan	 0.98025	136	89	27	59	0	1	1	2
322
322	 1207.93	 31.3015	       0	 1.00776	136	89	27	59	0	1	1	2
323
323	 1206.76	 31.9959	       0	  1.0195	134	89	27	59	0	1	1	2
324
324	 1206.29	 32.6304	       0	 1.01612	133	88	27	59	0	1	1	2
325
325	 1205.25	 38.2876	       0	 1.02318	133	89	27	59	0	1	1	2
326
326	 1203.76	    47.2	       0	 1.00672	132	88	27	59	0	1	1	2
327
327	 1202.21	 58.5354	       0	  1.0185	133	88	27	59	0	1	1	2
328
328	 1201.27	 52.3502	       0	 1.00017	132	88	27	59	0	1	1	2
329
329	 1200.76	 34.5719	       0	0.936078	134	88	27	59	0	0	1	1
330
330	 1200.38	 23.8713	       0	0.836832	134	89	27	59	0	0	1	1
331	 1201.14	  18.014	       0	0.767467	135	91	27	59	0	0	1	1
332	 1201.36	 13.4193	       0	 0.68662	135	94	27	59	0	0	1	1
333	 1201.63	 9.79892	 12341.5	0.650969	136	98	27	59	0	1	1	2
334
334	 1200.24	 9.71062	    -nan	0.692125	136	101	27	59	0	1	0	1
335
335	 1199.71	 14.6452	 2155.96	0.804117	137	104	27	59	0	0	0	0
336
336	 1199.24	  28.941	    -nan	0.930812	138	106	27	59	0	0	1	1
337
337	 1198.83	 34.3521	    -nan	0.954684	142	107	27	59	0	1	1	2
338
338	 1197.87	 30.9095	 341.847	0.914485	146	106	27	59	0	1	1	2
339
339	 1196.45	  21.154	    -nan	0.763392	156	105	27	59	0	0	1	1
340
340	  1195.2	 26.3295	    -nan	0.835237	163	103	27	59	0	0	0	0
341
341	 1194.24	 34.7216	    -nan	0.985213	166	103	27	59	0	0	0	0
342
342	 1193.34	 39.5848	       0	 1.00393	167	101	27	59	0	1	1	2
343
343	 1192.81	 42.3495	       0	 1.00611	167	102	27	59	0	1	1	2
344
344	  1192.4	 43.8431	       0	 1.01879	166	101	27	59	0	1	1	2
345
345	 1192.08	 36.5622	       0	  1.0063	165	102	27	59	0	1	1	2
346
346	 1190.17	 31.9567	       0	0.997661	161	102	27	59	0	1	1	2
347
347	 1187.93	 30.3144	       0	 1.03254	157	102	27	59	0	1	1	2
348
348	 1187.58	 30.8075	       0	 1.04841	154	103	27	59	0	1	1	2
349
349	 1187.31	 32.9987	       0	 1.03684	151	103	27	59	0	1	1	2
350
350	 1186.93	 37.4338	       0	 1.01983	148	102	27	59	0	1	1	2
351
351	 1186.66	 43.4477	       0	 1.01451	147	102	27	59	0	1	1	2
352
352	 1186.29	 43.2013	       0	0.995226	145	101	27	59	0	1	1	2
353
353	 1185.33	 39.0118	       0	0.973167	143	100	27	59	0	1	1	2
354
354	 1184.45	 33.4601	       0	0.946123	143	100	27	59	0	1	1	2
355
355	 1183.71	 28.5743	       0	0.933233	142	101	27	59	0	1	1	2
356
356	 1182.05	 30.5289	       0	0.959704	143	101	27	59	0	1	1	2
357
357	 1181.03	 35.6998	       0	0.996706	142	101	27	59	0	1	1	2
358
358	 1179.78	 39.4698	       0	 1.02041	141	102	27	59	0	1	1	2
359
359	  1178.7	 39.5419	       0	 1.03173	141	102	27	59	0	1	1	2
360
360	 1178.42	  38.037	       0	 1.01997	139	102	27	59	0	1	1	2
361
361	 1178.29	 39.4378	       0	0.985198	137	101	27	59	0	1	1	2
362
362	 1178.15	 36.0692	    -nan	0.929031	137	97	27	59	0	0	1	1
363
363	    1177	  37.731	    -nan	0.865312	138	92	27	59	0	0	1	1
364
364	 1175.75	 43.1072	    -nan	0.883508	139	91	27	59	0	1	0	1
365
365	 1175.27	 39.1414	    -nan	0.906474	139	91	27	59	0	1	1	2
366
366	 1174.81	 43.5991	       0	0.879103	141	91	27	59	0	1	1	2
367
367	 1174.42	 26.6888	       0	0.739628	148	92	27	59	0	0	1	1
368
368	 1174.12	 33.8805	       0	0.801985	153	93	27	59	0	0	0	0
369
369	 1173.87	 42.9633	       0	0.860917	156	96	27	59	0	0	1	1
370
370	 1173.22	 41.9675	    -nan	0.854061	157	100	27	59	0	1	1	2
371
371	 1172.67	 39.3432	    -nan	0.840158	160	104	27	59	0	1	1	2
372
372	 1171.39	 39.6507	    -nan	0.870538	159	107	27	59	0	1	1	2
373
373	  1170.1	 40.6498	    -nan	0.883628	160	111	27	59	0	1	1	2
374
374	 1169.78	  40.113	       0	 0.92676	160	114	27	59	0	1	1	2
375
375	 1169.45	 38.2012	       0	 0.93634	160	115	27	59	0	1	1	2
376
376	 1168.96	  44.026	       0	 0.94504	159	118	27	59	0	1	1	2
377
377	 1167.74	 40.5131	       0	0.918843	161	118	27	59	0	1	1	2
378
378	 1166.67	 42.7571	       0	0.909463	160	120	27	59	0	1	1	2
379
379	 1165.66	  34.785	       0	0.872187	160	121	27	59	0	1	1	2
380
380	  1165.5	 33.7033	       0	0.878467	158	121	27	59	0	1	1	2
381
381	 1165.22	 39.8544	       0	0.907987	157	123	27	59	0	1	1	2
382
382	 1165.07	 40.0883	       0	0.911997	155	124	27	59	0	1	1	2
383
383	 1163.79	 38.7842	       0	0.908188	152	124	27	59	0	1	1	2
384
384	 1162.64	 38.8278	       0	0.934065	151	123	27	59	0	1	1	2
385
385	 1161.54	 42.4204	       0	0.939064	151	120	27	59	0	1	1	2
386
386	 1161.25	 40.3858	       0	0.913465	150	115	27	59	0	1	1	2
387
387	 1160.94	 41.7626	       0	0.894795	151	110	27	59	0	1	1	2
388
388	 1160.55	  39.986	       0	0.900502	150	105	27	59	0	1	1	2
389
389	 1159.17	 42.5638	       0	0.860052	152	101	27	59	0	1	1	2
390
390	 1158.08	 39.7955	    -nan	0.821026	154	96	27	59	0	1	1	2
391
391	 1157.34	 38.5862	    -nan	0.791566	157	91	27	59	0	1	1	2
392
392	 1156.72	 42.1186	       0	0.786181	161	87	27	59	0	1	1	2
393
393	 1156.08	 48.3408	       0	0.790555	164	86	27	59	0	1	1	2
394
394	 1153.86	 56.1976	       0	0.830884	166	85	27	59	0	1	1	2
395
395	 1152.57	 62.8735	       0	0.859826	166	86	27	59	0	1	1	2
396
396	 1151.55	 62.6959	       0	0.852504	167	87	27	59	0	1	1	2
397
397	  1150.7	 59.6395	       0	0.872523	167	88	27	59	0	1	1	2
398
398	 1149.42	 56.9378	       0	0.872271	165	91	27	59	0	1	1	2
399
399	 1148.23	 61.3747	       0	0.881065	164	94	27	59	0	1	1	2
400
400	 1146.74	 53.5026	       0	0.838893	160	98	27	59	0	1	1	2
401
401	  1145.5	  52.303	       0	0.842922	156	102	27	59	0	1	1	2
402
402	 1144.69	 43.2993	    -nan	0.846423	153	105	27	59	0	1	1	2
403
403	 1143.54	 32.7156	    -nan	0.817261	149	109	27	59	0	1	1	2
404
404	 1142.06	 31.2509	    -nan	0.827905	145	114	27	59	0	1	1	2
405
405	 1139.18	 34.4442	    -nan	0.871868	142	117	27	59	0	1	1	2
406
406	 1137.36	 40.7077	 324.933	0.916093	139	119	27	59	0	1	1	2
407
407	 1136.67	 47.1699	 292.899	0.965782	137	121	27	59	0	1	1	2
408
408	 1136.49	 42.9761	 9537.11	 1.00284	137	122	27	59	0	1	1	2
409
409	 1136.54	 44.6594	    -nan	 1.01339	137	121	27	59	0	1	1	2
410
410	 1136.45	 44.9897	    -nan	0.965097	138	121	27	59	0	1	1	2
411
411	 1135.62	 37.1514	    -nan	0.870105	141	119	27	59	0	0	1	1
412
412	 1134.16	 43.7522	    -nan	0.875321	143	116	27	59	0	1	0	1
413
413	 1134.17	 34.4599	    -nan	 0.90319	145	114	27	59	0	1	1	2
414
414	 1134.21	 32.3399	    -nan	0.906508	145	112	27	59	0	1	1	2
415
415	 1134.11	 36.8521	    -nan	0.882948	147	110	27	59	0	1	1	2
416
416	  1132.9	 38.8539	    -nan	0.864512	149	107	27	59	0	1	1	2
417
417	 1131.38	 39.1778	    -nan	 0.86605	152	104	27	59	0	1	1	2
418
418	 1130.78	 47.7522	    -nan	0.921977	152	104	27	59	0	0	0	0
419
419	 1130.81	 45.8196	    -nan	0.898143	154	101	27	59	0	1	1	2
420
420	 1130.81	 56.6194	    -nan	0.926189	155	99	27	59	0	1	0	1
421
421	  1130.8	 52.8192	    -nan	0.954212	155	96	27	59	0	1	1	2
422
422	 1130.68	  64.962	    -nan	0.950524	156	95	27	59	0	1	1	2
423
423	  1129.6	 61.2583	    -nan	0.930159	157	92	27	59	0	1	1	2
424
424	  1129.4	 66.2129	    -nan	0.946399	158	91	27	59	0	1	1	2
425
425	 1129.31	 62.6073	 2864.01	0.935013	156	90	27	59	0	1	1	2
426
426	 1129.23	 52.5861	 2600.23	0.925837	156	91	27	59	0	1	1	2
427
427	  1129.1	 42.8829	 3601.25	0.882424	155	90	27	59	0	1	1	2
428
428	 1128.92	 39.7431	    -nan	  0.9011	154	90	27	59	0	1	0	1
429
429	 1128.58	 41.0326	    -nan	0.903724	152	91	27	59	0	1	1	2
430
430	 1127.77	 46.4479	    -nan	0.938259	151	91	27	59	0	1	1	2
431
431	 1127.04	 48.5015	    -nan	0.948109	149	92	27	59	0	1	1	2
432
432	 1126.34	 50.3724	    -nan	 0.94458	146	91	27	59	0	1	1	2
433
433	 1125.65	 60.4143	    -nan	0.951785	143	91	27	59	0	1	1	2
434
434	 1125.48	 58.7741	    -nan	0.928296	141	89	27	59	0	1	1	2
435
435	 1125.13	  61.935	    -nan	0.921916	140	89	27	59	0	1	1	2
436
436	 1124.78	 51.1569	    -nan	 0.89222	138	88	27	59	0	1	1	2
437
437	 1123.92	 50.4869	    -nan	0.887287	138	87	27	59	0	1	1	2
438
438	  1123.1	 57.8995	    -nan	0.864163	138	86	27	59	0	1	1	2
439
439	  1122.8	 48.7025	    -nan	0.844146	139	85	27	59	0	1	1	2
440
440	 1122.31	 37.4171	    -nan	0.840765	140	82	27	59	0	1	1	2
441
441	 1121.84	 30.9355	    -nan	0.841902	141	80	27	59	0	1	1	2
442
442	  1121.3	 30.3742	 788.915	 0.84584	142	77	27	59	0	1	1	2
443
443	 1120.78	 35.0698	 2403.44	0.863289	143	77	27	59	0	1	1	2
444
444	 1120.68	 40.5288	    -nan	0.850209	143	76	27	59	0	1	1	2
445
445	 1120.54	 45.4565	    -nan	0.830224	145	76	27	59	0	1	1	2
446
446	 1120.31	 43.6696	    -nan	0.819431	146	75	27	59	0	1	1	2
447
447	 1118.69	 39.6771	    -nan	0.788134	148	74	27	59	0	1	1	2
448
448	 1117.29	 33.2808	  267.13	0.727156	151	74	27	59	0	0	1	1
449	 1117.67	 26.2843	    -nan	0.641445	156	76	27	59	0	0	1	1
450
450	 1117.72	 26.8605	    -nan	  0.7085	159	78	27	59	0	0	0	0
451
451	 1117.74	 32.6388	 2299.38	0.777442	160	84	27	59	0	0	1	1
452
452	 1117.64	 31.6222	 1073.43	0.795071	161	89	27	59	0	1	1	2
453
453	 1117.59	 34.1185	 985.633	 0.83387	162	93	27	59	0	1	1	2
454
454	  1117.6	 36.7027	    -nan	0.882359	161	97	27	59	0	1	1	2
455
455	 1117.49	 39.5504	    -nan	0.909494	161	99	27	59	0	1	1	2
456
456	    1117	 44.6613	    -nan	0.928095	162	100	27	59	0	1	1	2
457
457	 1117.01	 42.7278	    -nan	0.964487	162	100	27	59	0	1	1	2
458
458	 1116.93	 43.5829	 327.521	 0.96474	161	101	27	59	0	1	1	2
459
459	  1116.9	 44.6232	 279.777	0.945714	161	101	27	59	0	1	1	2
460
460	 1116.12	 45.0708	 236.329	0.933556	161	102	27	59	0	1	1	2
461
461	 1115.31	 38.4488	    -nan	0.889451	162	103	27	59	0	1	1	2
462
462	 1114.71	 30.9954	    -nan	0.882226	161	105	27	59	0	1	1	2
463
463	 1114.13	 28.7275	       0	0.890789	159	108	27	59	0	1	1	2
464
464	 1113.54	 32.5302	       0	 0.90388	158	111	27	59	0	1	1	2
465
465	    1113	 29.9692	       0	0.895658	156	114	27	59	0	1	1	2
466
466	 1112.56	 28.7277	       0	0.914871	154	115	27	59	0	1	1	2
467
467	 1112.48	 31.4176	       0	0.932889	152	116	27	59	0	1	1	2
468
468	 1112.44	 38.1771	       0	0.933613	151	118	27	59	0	1	1	2
469
469	 1112.32	 43.9504	       0	0.955838	150	118	27	59	0	1	1	2
470
470	 1111.75	 52.9618	       0	0.950001	149	119	27	59	0	1	1	2
471
471	  1111.2	  57.955	       0	0.973489	149	119	27	59	0	1	1	2
472
472	 1110.71	 52.9349	       0	0.951161	149	118	27	59	0	1	1	2
473
473	 1110.79	 57.9111	       0	 0.95282	148	118	27	59	0	1	1	2
474
474	 1110.84	 59.2476	       0	0.921881	149	118	27	59	0	1	1	2
475
475	 1110.93	 49.1537	       0	0.925247	149	118	27	59	0	1	1	2
476
476	 1110.09	 46.3857	       0	0.903176	150	119	27	59	0	1	1	2
477
477	 1109.31	 39.7159	       0	0.870497	150	118	27	59	0	1	1	2
478
478	 1109.24	  38.449	       0	0.861108	150	119	27	59	0	1	1	2
479
479	  1109.2	 35.6588	    -nan	0.851335	150	118	27	59	0	1	1	2
480
480	 1109.15	 40.6532	    -nan	0.860272	149	116	27	59	0	1	1	2
481
481	 1109.09	 43.6431	    -nan	0.835564	150	114	27	59	0	1	1	2
482
482	 1108.92	 38.9733	    -nan	0.866663	149	112	27	59	0	1	0	1
483
483	  1108.8	 38.6547	    -nan	0.849667	149	110	27	59	0	1	1	2
484
484	 1108.39	 45.4949	    -nan	0.839277	149	107	27	59	0	1	1	2
485
485	 1107.99	 41.4447	       0	0.817803	150	105	27	59	0	1	1	2
486
486	 1107.63	 40.3522	       0	0.832016	150	103	27	59	0	1	1	2
487
487	 1107.09	 37.6538	       0	0.804389	152	101	27	59	0	1	1	2
488
488	 1106.54	 42.0705	       0	0.818794	155	98	27	59	0	1	1	2
489
489	 1106.16	 46.7179	    -nan	0.849761	158	96	27	59	0	1	1	2
490
490	 1105.94	 48.4511	    -nan	0.886943	160	93	27	59	0	1	1	2
491
491	 1105.68	 52.8548	    -nan	0.914367	160	92	27	59	0	1	1	2
492
492	 1105.45	 56.2142	    -nan	0.916726	161	90	27	59	0	1	1	2
493
493	 1104.94	 51.2105	       0	0.919257	161	90	27	59	0	1	1	2
494
494	 1104.39	  49.022	       0	0.928728	161	88	27	59	0	1	1	2
495
495	 1104.03	 56.5576	       0	0.930239	161	88	27	59	0	1	1	2
496
496	 1103.96	 52.4457	       0	0.911327	160	88	27	59	0	1	1	2
497
497	 1103.91	 52.1698	       0	0.905625	160	87	27	59	0	1	1	2
498
498	 1103.72	 51.7926	       0	0.871442	160	88	27	59	0	1	1	2
499
499	 1103.07	 50.6796	       0	0.851317	161	87	27	59	0	1	1	2
500
500	 1102.49	 50.6847	    -nan	0.846904	161	88	27	59	0	1	1	2
501
501	 1102.13	 49.8226	    -nan	0.852223	162	88	27	59	0	1	1	2
502
502	 1101.83	 46.9908	       0	0.865229	162	89	27	59	0	1	1	2
503
503	 1101.59	  46.098	    -nan	0.873015	163	87	27	59	0	1	1	2
504
504	 1101.12	 57.4175	       0	0.897985	163	87	27	59	0	1	1	2
505
505	 1100.52	 57.1676	       0	0.923939	163	85	27	59	0	1	1	2
506
506	 1099.96	 52.3924	       0	 0.94926	163	85	27	59	0	1	1	2
507
507	 1099.83	  56.152	       0	0.957548	163	83	27	59	0	1	1	2
508
508	 1099.74	 56.9407	       0	 0.93373	162	83	27	59	0	1	1	2
509
509	  1099.7	 51.2955	       0	0.905838	161	82	27	59	0	1	1	2
510
510	 1099.68	 53.6235	       0	0.914402	159	83	27	59	0	1	1	2
511
511	 1099.56	  49.493	    -nan	0.908441	157	83	27	59	0	1	1	2
512
512	 1099.42	 58.5259	    -nan	0.928591	155	83	27	59	0	1	1	2
513
513	 1099.32	 63.2282	    -nan	0.949327	153	84	27	59	0	1	1	2
514
514	 1098.72	 67.5164	    -nan	0.976222	151	85	27	59	0	1	1	2
515
515	 1097.56	 68.9278	    -nan	0.980638	148	85	27	59	0	1	1	2
516
516	 1096.34	 74.9737	    -nan	0.984447	145	85	27	59	0	1	1	2
517
517	 1096.07	 72.3405	    -nan	 1.00364	142	84	27	59	0	1	1	2
518
518	 1095.52	 64.9197	       0	 1.00886	140	83	27	59	0	1	1	2
519
519	 1095.51	 67.2285	    -nan	 1.01676	137	82	27	59	0	1	1	2
520
520	 1095.21	 66.6899	    -nan	 1.00793	134	80	27	59	0	1	1	2
521
521	 1094.82	 73.5085	    -nan	0.973626	134	80	27	59	0	1	1	2
522
522	 1094.01	 56.9225	    -nan	0.926569	132	80	27	59	0	1	1	2
523
523	 1092.88	 43.7261	    -nan	0.872673	132	80	27	59	0	0	1	1
524
524	 1091.88	 36.3544	    -nan	0.859111	131	80	27	59	0	1	1	2
525
525	 1091.46	 34.5218	    -nan	0.849905	129	81	27	59	0	1	1	2
526
526	 1091.47	 40.7806	    -nan	0.887172	128	81	27	59	0	1	1	2
527
527	 1091.49	 47.1349	    -nan	0.918482	128	82	27	59	0	1	1	2
528
528	 1090.85	 57.5471	    -nan	0.956704	127	81	27	59	0	1	1	2
529
529	    1090	 67.9736	       0	0.994747	126	81	27	59	0	1	1	2
530
530	 1089.29	 68.8554	    -nan	 1.00773	127	81	27	59	0	1	1	2
531
531	 1089.23	 58.2043	    -nan	 1.01239	127	81	27	59	0	1	1	2
532
532	 1089.24	 57.2834	       0	0.968319	127	83	27	59	0	1	1	2
533
533	 1088.72	 60.8294	       0	0.936204	129	88	27	59	0	1	1	2
534
534	 1088.04	 59.9445	    -nan	0.903501	131	93	27	59	0	1	1	2
535
535	 1086.96	 57.2618	 524.462	0.877182	134	99	27	59	0	1	1	2
536
536	 1086.66	 52.5359	    -nan	0.897029	137	104	27	59	0	1	1	2
537
537	 1086.72	 46.6902	    -nan	 0.83593	142	109	27	59	0	0	1	1
538
538	 1086.86	 41.0156	    -nan	0.768846	148	112	27	59	0	0	1	1
539
539	 1086.88	 51.8234	    -nan	0.878044	151	114	27	59	0	0	0	0
540
540	 1086.81	 60.9116	    -nan	0.963578	151	114	27	59	0	0	1	1
541
541	 1086.89	 58.0328	    -nan	0.963092	151	114	27	59	0	1	1	2
542
542	 1086.99	 52.7163	    -nan	0.978798	150	111	27	59	0	1	1	2
543
543	 1087.06	 47.4411	    -nan	0.976254	148	106	27	59	0	1	1	2
544
544	 1086.02	 54.6573	    -nan	0.968189	147	103	27	59	0	1	1	2
545
545	  1085.5	 47.6904	    -nan	0.901178	147	99	27	59	0	0	1	1
546
546	  1085.5	 44.9237	    -nan	0.873638	147	95	27	59	0	1	1	2
547
547	 1084.42	 39.4174	    -nan	0.829359	146	90	27	59	0	1	1	2
548
548	 1083.43	 37.9357	    -nan	0.827876	147	88	27	59	0	1	1	2
549
549	 1081.66	 44.6218	    -nan	0.858954	146	87	27	59	0	1	1	2
550
550	 1081.72	 46.6023	    -nan	 0.85612	144	85	27	59	0	1	1	2
551
551	  1081.8	 49.3745	       0	0.865832	145	84	27	59	0	1	1	2
552
552	 1081.83	 55.7816	    -nan	0.899166	144	83	27	59	0	1	1	2
553
553	 1080.93	 45.0754	    -nan	0.922106	141	82	27	59	0	1	1	2
554
554	 1080.22	 27.5201	    -nan	0.845275	134	80	27	59	0	0	1	1
555
555	 1079.95	 25.8198	    -nan	0.818019	129	77	27	59	0	1	1	2
556
556	 1079.84	   26.65	    -nan	0.781628	124	74	27	59	0	1	1	2
557
557	 1079.48	 22.3198	       0	 0.72651	121	70	27	59	0	0	1	1
558
558	 1079.54	  18.593	       0	0.702522	117	66	27	59	0	1	1	2
559
559	 1079.18	 15.4198	    -nan	0.629625	114	60	27	59	0	0	1	1
560	 1079.83	 7.90159	    -nan	0.375322	111	45	27	59	1	0	1	2
561	 1080.07	 7.13379	    -nan	0.311179	120	52	27	59	1	0	0	1
562	 1080.55	 5.43047	    -nan	0.200087	133	51	27	59	1	0	1	2
563	 1081.23	 3.50263	    -nan	0.172916	150	24	27	59	1	1	0	2
564	 1081.77	 4.84046	    -nan	0.234738	149	-21	27	59	1	0	0	1
565
565	 1081.79	  6.7702	    -nan	0.355635	152	-12	27	59	0	0	0	0
566
566	 1081.31	 7.94089	    -nan	0.419733	150	-9	27	59	0	0	1	1
567
567	 1080.21	 11.7038	    -nan	0.514273	151	0	27	59	0	0	1	1
568
568	 1079.77	 12.2332	    -nan	 0.52493	158	1	27	59	0	1	1	2
569
569	 1079.01	 18.2561	    -nan	0.633258	161	1	27	59	0	0	0	0
570
570	 1078.65	 19.5258	    -nan	0.738595	161	6	27	59	0	0	1	1
571
571	 1077.92	 20.7956	    -nan	0.763601	160	8	27	59	0	1	1	2
572
572	 1077.69	 19.7607	    -nan	0.748963	156	15	27	59	0	1	1	2
573
573	 1077.46	 14.3465	    -nan	0.787035	159	31	27	59	0	1	0	1
574
574	 1077.23	 10.9554	    -nan	0.716165	165	38	27	59	0	0	1	1
575
575	 1076.96	 17.0749	    -nan	0.833428	168	43	27	59	0	0	0	0
576
576	 1076.71	 22.6854	    -nan	0.897638	166	58	27	59	0	0	1	1
577
577	 1076.44	 20.7483	    -nan	0.752665	160	73	27	59	0	0	1	1
578
578	 1076.31	 23.9634	    -nan	0.799687	160	84	27	59	0	1	0	1
579
579	 1076.28	 18.9106	    -nan	0.783677	154	88	27	59	0	1	1	2
580
580	 1076.28	 26.5424	    -nan	0.861258	151	91	27	59	0	0	0	0
581
581	 1075.79	 25.9061	    -nan	0.923509	149	92	27	59	0	0	1	1
582
582	 1075.25	 17.7973	    -nan	 1.00636	146	92	27	59	0	0	1	1
583
583	 1074.94	 10.8446	    -nan	 1.10328	143	91	27	59	0	0	1	1
584
584	 1074.91	 10.1676	    -nan	0.966377	143	87	27	59	0	0	1	1
585
585	 1074.51	 14.1683	    -nan	0.908948	143	88	27	59	0	0	0	0
586
586	  1074.2	 16.9296	    -nan	0.898952	143	82	27	59	0	1	1	2
587
587	 1073.65	 32.0929	    -nan	0.796611	147	80	27	59	0	0	1	1
588	 1073.68	 23.5214	    -nan	0.703686	152	80	27	59	0	0	1	1
589	 1073.47	 18.9281	    -nan	0.661457	159	82	27	59	0	1	0	1
590
590	 1072.65	 32.4026	    -nan	0.861056	163	82	27	59	0	0	0	0
591
591	 1072.49	 28.1496	    -nan	0.962337	164	85	27	59	0	0	1	1
592
592	 1072.56	 33.8165	    -nan	0.968962	164	91	27	59	0	1	1	2
593
593	 1072.36	 22.9061	    -nan	  1.0768	162	97	27	59	0	0	0	0
594
594	 1071.39	 22.2337	    -nan	 1.21021	159	99	27	59	0	0	1	1
595
595	 1069.93	 27.0335	    -nan	  1.1613	160	102	27	59	0	1	1	2
596
596	 1069.09	 19.8123	    -nan	 1.26583	156	106	27	59	0	0	0	0
597
597	 1068.17	 24.7486	    -nan	 1.24264	156	106	27	59	0	1	1	2
fps: 1068.17
